a <- c(1,2,3,4,5,6,78,5)
a[c(2,5)]
